245

874	1174	2.0
1174	874	2.0
9120	9322	1.0
9322	9120	1.0
3307	4908	16.0
4908	3307	16.0
7283	7090	7.0
7090	7283	7.0
4815	3416	14.0
3416	4815	14.0
8988	9487	4.0
9487	8988	4.0
7911	8518	10.0
8518	7911	10.0
9142	9342	1.0
9342	9142	1.0
3148	3055	6.0
3055	3148	6.0
1829	2329	4.0
2329	1829	4.0
8073	8376	3.0
8376	8073	3.0
7304	7102	1.0
7102	7304	1.0
1415	715	6.0
715	1415	6.0
5836	6537	7.0
6537	5836	7.0
1847	2351	6.0
2351	1847	6.0
9665	8872	12.0
8872	9665	12.0
3130	3121	8.0
3121	3130	8.0
9085	9487	5.0
9487	9085	5.0
9536	9039	6.0
1920	2320	3.0
5342	5042	2.0
2320	1920	3.0
3368	4969	16.0
5042	5342	2.0
4969	3368	16.0
7392	7090	3.0
7090	7392	3.0
5097	5294	3.0
5294	5097	3.0
1877	2379	6.0
3878	4479	6.0
4479	3878	6.0
5603	4804	8.0
4804	5603	8.0
9250	9358	8.0
9358	9250	8.0
7006	7511	4.0
7511	7006	4.0
4235	4138	2.0
4138	4235	2.0
7511	7015	6.0
7015	7511	6.0
4295	4098	3.0
4098	4295	3.0
7978	6574	17.0
2407	1906	4.0
6574	7978	17.0
1906	2407	4.0
3582	2780	9.0
2780	3582	9.0
1585	682	8.0
682	1585	8.0
5731	4731	9.0
9181	9473	10.0
4731	5731	9.0
1911	2407	6.0
2407	1911	6.0
9473	9181	10.0
6929	7631	7.0
7631	6929	7.0
1916	2414	6.0
2414	1916	6.0
1142	1146	3.0
1146	1142	3.0
6322	6218	4.0
6218	6322	4.0
4235	4232	2.0
4232	4235	2.0
2959	3461	6.0
3461	2959	6.0
8481	8180	2.0
8180	8481	2.0
4908	5611	8.0
5611	4908	8.0
5713	4815	10.0
4815	5713	10.0
4342	4138	5.0
1943	2442	4.0
2442	1943	4.0
4138	4342	5.0
4295	4193	2.0
4193	4295	2.0
4949	3549	13.0
3549	4949	13.0
4773	5776	10.0
5776	4773	10.0
2504	1903	6.0
1903	2504	6.0
2060	2360	2.0
2360	2060	2.0
8409	8307	2.0
8307	8409	2.0
6609	6013	7.0
3582	2895	18.0
2895	3582	18.0
6013	6609	7.0
6190	4384	17.0
4384	6190	17.0
2570	1869	6.0
1869	2570	6.0
1255	1146	8.0
1146	1255	8.0
6322	6324	1.0
6324	6322	1.0
6574	6073	4.0
6073	6574	4.0
2087	2379	10.0
2379	2087	10.0
9250	9553	3.0
8324	8430	6.0
9553	9250	3.0
8430	8324	6.0
2087	2388	2.0
2388	2087	2.0
6190	6478	14.0
6478	6190	14.0
4193	4384	10.0
4384	4193	10.0
3121	3416	6.0
1267	1174	6.0
1174	1267	6.0
3416	3121	6.0
6190	6493	3.0
6493	6190	3.0
8641	8143	6.0
8143	8641	6.0
5827	4825	9.0
4825	5827	9.0
9322	9525	4.0
9525	9322	4.0
9132	9729	8.0
9729	9132	8.0
3697	2895	9.0
2895	3697	9.0
7395	7392	2.0
7392	7395	2.0
372	82	10.0
82	372	10.0
3301	3307	5.0
3307	3301	5.0
6324	6428	4.0
6428	6324	4.0
4956	5755	8.0
5755	4956	8.0
3307	3312	4.0
3312	3307	4.0
7507	7304	3.0
7304	7507	3.0
8430	8437	6.0
8437	8430	6.0
9562	9358	5.0
9358	9562	5.0
9311	9613	3.0
9613	9311	3.0
6190	6590	3.0
8440	8437	2.0
6590	6190	3.0
8437	8440	2.0
5768	4969	8.0
3368	3273	4.0
3273	3368	4.0
4969	5768	8.0
9322	9619	3.0
9619	9322	3.0
8150	8750	5.0
8750	8150	5.0
3130	3532	5.0
3532	3130	5.0
8603	8307	4.0
8307	8603	4.0
1438	1142	4.0
1142	1438	4.0
5342	5435	6.0
5435	5342	6.0
3148	3542	7.0
3542	3148	7.0
6617	6218	4.0
6218	6617	4.0
3148	3549	4.0
3549	3148	4.0
2329	2320	8.0
2320	2329	8.0
9645	9342	2.0
8067	8872	10.0
9342	9645	2.0
8872	8067	10.0
483	82	4.0
82	483	4.0
1364	1255	8.0
8578	8376	1.0
1255	1364	8.0
8376	8578	1.0
4235	4536	2.0
4536	4235	2.0
1364	1267	3.0
1267	1364	3.0
2388	2293	4.0
2293	2388	4.0
1415	1222	7.0
1222	1415	7.0
8988	7989	10.0
7989	8988	10.0
6949	5950	10.0
5950	6949	10.0
1429	1233	5.0
1233	1429	5.0
2360	2351	8.0
2351	2360	8.0
1438	1233	6.0
1233	1438	6.0
9740	9342	5.0
9342	9740	5.0
4949	5950	10.0
5950	4949	10.0
8724	8324	3.0
8324	8724	3.0
7700	7304	3.0
7304	7700	3.0
4479	4384	4.0
4384	4479	4.0
192	483	8.0
8481	8578	3.0
8578	8481	3.0
483	192	8.0
2442	2329	12.0
2329	2442	12.0
6428	6537	9.0
6537	6428	9.0
3461	3368	6.0
3368	3461	6.0
2442	2351	8.0
2351	2442	8.0
8440	8641	2.0
7719	7322	4.0
7322	7719	4.0
9672	9473	2.0
9473	9672	2.0
415	307	8.0
307	415	8.0
6609	6406	4.0
6406	6609	4.0
7784	7283	4.0
7283	7784	4.0
7392	7687	6.0
7687	7392	6.0
6942	8143	12.0
8143	6942	12.0
5097	5899	9.0
5899	5097	9.0
8150	6949	12.0
6949	8150	12.0
1408	1403	4.0
1403	1408	4.0
6478	6574	4.0
6574	6478	4.0
8774	8376	5.0
8376	8774	5.0
4232	4731	4.0
4731	4232	4.0
8155	6954	12.0
6954	8155	12.0
1415	1408	6.0
1408	1415	6.0
38	740	7.0
740	38	7.0
5761	5261	4.0
5261	5761	4.0
9562	9665	2.0
9665	9562	2.0
6942	6141	8.0
6493	6590	2.0
6141	6942	8.0
6590	6493	2.0
500	303	3.0
303	500	3.0
1676	1174	6.0
1174	1676	6.0
2554	2351	3.0
2351	2554	3.0
9729	9525	5.0
9525	9729	5.0
9740	9536	5.0
9791	9487	4.0
9536	9740	5.0
9487	9791	4.0
2570	2379	10.0
2379	2570	10.0
6822	6322	4.0
6322	6822	4.0
8722	8518	5.0
8518	8722	5.0
3549	3461	12.0
3461	3549	12.0
8578	8676	2.0
8676	8578	2.0
8063	7164	8.0
7164	8063	8.0
8643	8641	1.0
8641	8643	1.0
8073	7164	10.0
7164	8073	9.0
6324	4822	16.0
4822	6324	16.0
7924	7322	5.0
7322	7924	5.0
2607	2407	1.0
2407	2607	1.0
6406	6804	5.0
6804	6406	5.0
3532	3539	6.0
3539	3532	6.0
2612	2414	1.0
2414	2612	1.0
1396	1585	12.0
1585	1396	12.0
6261	6962	7.0
6962	6261	7.0
3542	3539	2.0
6617	6609	7.0
3539	3542	2.0
415	525	10.0
525	415	10.0
9884	9487	4.0
9487	9884	4.0
372	573	2.0
1847	1146	6.0
573	372	2.0
1146	1847	6.0
3542	3549	6.0
3549	3542	6.0
8816	8518	3.0
8518	8816	3.0
8481	8882	4.0
8882	8481	4.0
7507	7810	2.0
7810	7507	2.0
7511	7810	2.0
7810	7511	2.0
9562	9860	3.0
9860	9562	3.0
9816	9613	4.0
1823	1222	6.0
1222	1823	6.0
9613	9816	4.0
9816	9619	3.0
9619	9816	3.0
9821	9619	1.0
3878	3273	8.0
9619	9821	1.0
3273	3878	8.0
708	307	4.0
2607	2504	2.0
307	708	4.0
2504	2607	2.0
2360	2761	4.0
2761	2360	4.0
5836	5435	4.0
5435	5836	4.0
9008	8409	6.0
8409	9008	6.0
1943	1142	8.0
9933	9536	4.0
1142	1943	8.0
9536	9933	4.0
7392	7989	8.0
7989	7392	8.0
1396	1698	3.0
1698	1396	3.0
5294	5997	8.0
5997	5294	8.0
525	530	4.0
530	525	4.0
4773	4479	8.0
4479	4773	8.0
8722	8724	1.0
8724	8722	1.0
2379	2780	4.0
2780	2379	4.0
8676	8774	2.0
8774	8676	2.0
6929	6428	4.0
6428	6929	4.0
7902	7507	6.0
2388	2780	11.0
7507	7902	6.0
2780	2388	11.0
9029	8430	6.0
8430	9029	6.0
8578	8882	4.0
5713	5611	2.0
5611	5713	2.0
1869	1267	5.0
1267	1869	5.0
9036	8437	6.0
8437	9036	6.0
2895	2293	5.0
2293	2895	5.0
8750	8745	4.0
8745	8750	4.0
8900	8603	2.0
8603	8900	2.0
415	715	2.0
715	415	2.0
8158	9358	11.0
9358	8158	11.0
7784	7687	3.0
7687	7784	3.0
483	682	2.0
682	483	2.0
5603	5807	5.0
5807	5603	5.0
5807	5611	5.0
5611	5807	5.0
6942	6537	6.0
6537	6942	6.0
4342	5042	6.0
5042	4342	6.0
4295	5097	9.0
5097	4295	9.0
2801	2504	3.0
1429	1829	3.0
2504	2801	3.0
1829	1429	3.0
4804	4602	1.0
4602	4804	1.0
9008	8603	6.0
8603	9008	6.0
9729	9933	5.0
1438	1838	3.0
1838	1438	3.0
9933	9729	5.0
2570	2761	10.0
2761	2570	10.0
5342	6141	8.0
6141	5342	8.0
6962	6574	11.0
6574	6962	11.0
9740	9944	5.0
9944	9740	5.0
1403	1903	4.0
1903	1403	4.0
8774	8872	2.0
8872	8774	2.0
7902	7700	1.0
2060	1255	10.0
7700	7902	1.0
1255	2060	10.0
530	740	9.0
1408	1911	6.0
1911	1408	6.0
740	530	9.0
5755	5761	5.0
5761	5755	5.0
1415	1916	4.0
1916	1415	4.0
2942	2442	4.0
2442	2942	4.0
8641	9039	5.0
9039	8641	5.0
7924	7719	6.0
7719	7924	6.0
5731	5827	4.0
3582	3878	4.0
5827	5731	4.0
3878	3582	4.0
7006	6609	4.0
5731	5836	4.0
6609	7006	4.0
5836	5731	4.0
6609	7015	9.0
7015	6609	9.0
765	573	9.0
573	765	9.0
7989	7687	4.0
7687	7989	4.0
7015	6617	5.0
6617	7015	5.0
3121	2320	8.0
2320	3121	8.0
3130	2329	8.0
4825	4731	6.0
4731	4825	6.0
2329	3130	8.0
8724	9029	6.0
9029	8724	6.0
2060	1364	10.0
1364	2060	10.0
7810	7911	0.0
7911	7810	0.0
4536	5042	8.0
5042	4536	8.0
7090	6590	4.0
6590	7090	4.0
250	1146	10.0
1146	250	10.0
9142	8643	4.0
8643	9142	4.0
1877	1585	10.0
1585	1877	10.0
708	715	6.0
715	708	6.0
7978	7784	5.0
4815	4813	1.0
4813	4815	1.0
4822	4815	6.0
4815	4822	6.0
874	573	2.0
573	874	2.0
4825	4822	2.0
4822	4825	2.0
9120	8722	5.0
8722	9120	5.0
5755	5950	6.0
5950	5755	6.0
9181	8676	4.0
8676	9181	4.0
5713	6013	2.0
6013	5713	2.0
1869	1676	7.0
1676	1869	7.0
1877	1676	2.0
1676	1877	2.0
2554	3055	4.0
3055	2554	4.0
4908	4804	4.0
4804	4908	4.0
7006	6804	1.0
6804	7006	1.0
4908	4813	4.0
4813	4908	4.0
4138	3539	6.0
3539	4138	6.0
6822	7015	7.0
7015	6822	7.0
4773	4969	5.0
4969	4773	5.0
9120	8816	4.0
8816	9120	4.0
874	682	9.0
682	874	9.0
6013	5807	5.0
5807	6013	5.0
9085	8882	3.0
6929	6942	12.0
6942	6929	12.0
8882	9085	3.0
192	1396	11.0
1396	192	11.0
7395	6493	10.0
6493	7395	10.0
5768	6073	6.0
6942	6949	6.0
6949	6942	6.0
1829	1823	5.0
1823	1829	5.0
2554	3148	7.0
3148	2554	7.0
5776	6073	3.0
6073	5776	3.0
6949	6954	4.0
6954	6949	4.0
9250	8750	4.0
8750	9250	4.0
1838	1829	8.0
1829	1838	8.0
7102	6804	3.0
6804	7102	3.0
4232	3532	6.0
3532	4232	6.0
2087	1585	6.0
2959	2761	1.0
1585	2087	6.0
2761	2959	1.0
7784	8180	3.0
6954	6962	7.0
6962	6954	7.0
8180	7784	3.0
3697	4098	4.0
4098	3697	4.0
5899	5997	2.0
5997	5899	2.0
9181	8882	2.0
8882	9181	2.0
9085	8988	2.0
8988	9085	2.0
9036	9039	2.0
9039	9036	2.0
1920	1823	3.0
1823	1920	3.0
456	1255	8.0
1255	456	8.0
303	1408	13.0
1408	303	13.0
4956	4949	6.0
4949	4956	6.0
7978	8073	4.0
8073	7978	4.0
7631	8430	8.0
8430	7631	8.0
1943	1838	4.0
1838	1943	4.0
7631	8440	14.0
2414	3416	9.0
8440	7631	14.0
3416	2414	9.0
2087	1698	14.0
1698	2087	14.0
4342	3542	7.0
1943	1847	4.0
1847	1943	4.0
3542	4342	7.0
9311	8816	4.0
8816	9311	4.0
525	1222	8.0
1222	525	8.0
3301	4602	12.0
4602	3301	12.0
1906	1903	2.0
1903	1906	2.0
1911	1906	4.0
1906	1911	4.0
9132	9029	3.0
9029	9132	3.0
1916	1911	4.0
1911	1916	4.0
5435	4536	9.0
4536	5435	9.0
6261	5761	4.0
5761	6261	4.0
7810	8307	6.0
8307	7810	6.0
9132	9036	4.0
9036	9132	4.0
6261	5768	8.0
5768	6261	8.0
1920	1916	3.0
1916	1920	3.0
8063	8067	3.0
8067	8063	3.0
9142	9039	2.0
9039	9142	2.0
4949	5042	6.0
4822	3121	16.0
3121	4822	16.0
5042	4949	6.0
8067	8073	5.0
8073	8067	5.0
3307	2607	6.0
2607	3307	6.0
7978	8180	1.0
3582	4384	9.0
8180	7978	1.0
4384	3582	9.0
3312	2612	6.0
2612	3312	6.0
6962	7164	1.0
7164	6962	1.0
2570	3368	9.0
3368	2570	9.0
5950	6141	10.0
6141	5950	10.0
6822	7322	4.0
7322	6822	4.0
7902	8307	6.0
8307	7902	6.0
2060	1869	10.0
1869	2060	10.0
1142	740	5.0
740	1142	5.0
8063	8158	4.0
8158	8063	4.0
500	1403	8.0
1403	500	8.0
7924	8324	3.0
8324	7924	3.0
3055	2959	4.0
2959	3055	4.0
9311	9008	3.0
9008	9311	3.0
6190	5997	7.0
5997	6190	7.0
8150	8143	6.0
8143	8150	6.0
2780	3273	8.0
3273	2780	8.0
530	1429	8.0
1429	530	8.0
8872	9473	6.0
9473	8872	6.0
8150	8155	4.0
8155	8150	4.0
6406	5807	6.0
5807	6406	6.0
3130	2942	13.0
8155	8158	2.0
8158	8155	2.0
2942	3130	13.0
3312	4813	15.0
4813	3312	15.0
8409	7911	6.0
7911	8409	6.0
6013	6218	6.0
6218	6013	6.0
3148	2942	5.0
2942	3148	5.0
9142	9250	8.0
9250	9142	8.0
6428	5827	6.0
5827	6428	6.0
5776	6478	7.0
6478	5776	7.0
7978	8376	5.0
8376	7978	5.0
7006	7304	3.0
7304	7006	3.0
4956	5261	6.0
5261	4956	6.0
765	1267	6.0
1267	765	6.0
5261	4969	10.0
4969	5261	10.0
