1 43,779752 -79,415572
1 2 4
1 11 8
2 43,779876 -79,415076
2 1 4
2 12 8
2 3 15
3 43,780480 -79,412447
3 2 15
3 4 15
3 13 8
4 43,781069 -79,409776
4 3 15
4 5 15
4 15 8
5 43,781658 -79,407158
5 4 15
5 6 45
5 16 8
6 43,783349 -79,399312
6 5 45
6 7 8
7 43,783639 -79,398041
7 6 8
7 8 6
8 43,783871 -79,397032
8 7 6
8 9 4
9 43,784003 -79,396372
9 8 4
9 10 30
9 19 8
10 43,784979 -79,392177
10 9 30
10 20 8
11 43,778742 -79,415343
11 1 8
11 12 4
11 21 8
12 43,778852 -79,414725
12 2 8 
12 11 4
12 13 13
13 43,779208 -79,412553
13 3 8
13 12 13 
13 14 4
13 22 8
14 43,779429 -79,411925
14 13 4
14 15 15
14 24 8
15 43,780029 -79,409334
15 4 8
15 14 15
15 16 15
15 25 8
16 43,780594 -79,406673
16 5 8
16 15 15
16 17 15
16 26 8
17 43,781155 -79,404029
17 16 15
17 18 15
17 27 8
18 43,781741 -79,401461
18 17 15
18 19 30
18 28 8
19 43,782934 -79,396076
19 9 8
19 29 8
20 43,783891 -79,391920
20 10 8
20 30 8
21 43,777918 -79,415138
21 11 8
21 22 13
21 31 8
22 43,778189 -79,413013
22 13 8
22 21 13
22 23 4
22 32 8
23 43,778251 -79,412573
23 22 4
23 24 8
24 43,778458 -79,411510
24 14 8
24 23 8
24 25 15
24 33 8
25 43,779016 -79,408898
25 15 8
25 24 15
25 26 15
25 34 8
26 43,779574 -79,406261
26 16 8
26 25 15
26 27 15
26 35 8
27 43,780164 -79,403603
27 17 8
27 26 15
27 28 15
27 36 8
28 43,780718 -79,401031
28 18 8
28 27 15
28 29 30
28 37 8
29 43,781891 -79,395840
29 19 8
29 28 30
29 30 30
29 38 8
30 43,782952 -79,391709
30 20 8
30 29 30
30 40 8
31 43,776606 -79,414796
31 21 8
31 32 8
31 41 12
32 43,776962 -79,413172
32 22 8
32 31 8
32 33 13
32 42 12
33 43,777423 -79,411082
33 24 8
33 32 13
33 34 15
33 43 12
34 43,777984 -79,408453
34 25 8
34 33 15
34 35 15
34 45 8
35 43,778565 -79,405821
35 26 8
35 34 15
35 36 15
35 61 24
36 43,779134 -79,403179
36 27 8
36 35 15
36 37 15
36 47 8
37 43,779723 -79,400609
37 28 8
37 36 15
37 38 30
37 48 8
38 43,781113 -79,395475
38 29 8
38 37 30
38 39 6
38 50 8
39 43,781330 -79,394370
39 38 6
39 40 15
40 43,781961 -79,391473
40 30 8
40 55 8
41 43,775155 -79,414430
41 31 12
41 42 8
41 57 12
42 43,775538 -79,412861
42 32 12
42 41 8
42 43 13
42 58 12
43 43,775921 -79,410426
43 33 12
43 42 13
43 44 6
43 59 12
44 43,776177 -79,409156
44 43 6
44 45 10
44 46 10
45 43,777091 -79,408067
45 34 8
45 44 10 
45 46 8
46 43,776127 -79,407670
46 44 10
46 45 8
46 60 8
47 43,778285 -79,402884
47 36 8
47 48 15
47 51 8
48 43,778789 -79,400202
48 37 8
48 47 15
48 49 15
48 52 8
49 43,779323 -79,397595
49 48 15
49 50 15
49 53 8
50 43,779904 -79,395009
50 38 8
50 49 15
50 54 8
51 43,777297 -79,402470
51 47 8
51 52 15
51 62 8
52 43,777886 -79,399822
52 48 8 
52 51 15
52 53 15
52 70 16
53 43,778445 -79,397240
53 49 8
53 52 15
53 54 15
53 63 8
54 43,779003 -79,394635
54 50 8
54 53 15
54 72 16
55 43,780816 -79,391245
55 40 8
55 56 8
56 43,779693 -79,390977
56 55 8
56 73 16
57 43,773799 -79,414050
57 41 12
57 58 8
57 64 8
58 43,774132 -79,412559
58 42 12
58 57 8
58 59 15
58 65 8
59 43,774721 -79,409888
59 43 12
59 58 15
59 60 15
59 66 8
60 43,775279 -79,407302
60 46 8
60 59 15
60 61 15
60 67 8
61 43,775852 -79,404673
61 35 24
61 60 15
61 62 15
61 68 8
62 43,776456 -79,402055
62 61 15
62 51 8
62 69 8
63 43,777608 -79,396883
63 53 8
63 71 8
64 43,773002 -79,413869
64 57 8
64 65 8
64 74 8
65 43,773241 -79,412413
65 58 8
65 64 8
65 66 15
65 75 8
66 43,773877 -79,409564
66 59 8
66 65 15
66 67 15
66 76 8
67 43,774447 -79,406952
67 60 8
67 66 15
67 68 15
67 77 8
68 43,775025 -79,404314
68 61 8
68 67 15
68 69 15
68 78 8
69 43,775596 -79,401704
69 62 8
69 68 15
69 70 15
69 79 8
70 43,776178 -79,399099
70 52 16
70 69 15
70 71 14
70 80 8
71 43,776738 -79,396538
71 63 8
71 70 14
71 72 14
71 81 8
72 43,777326 -79,393921
72 54 16
72 71 13
72 73 16
72 82 8
73 43,778040 -79,390686
73 56 16
73 72 16
73 83 8
74 43,772300 -79,413671
74 64 6
74 75 7
74 84 12
75 43,772499 -79,412103
75 65 7
75 74 7
75 76 16
75 85 9
76 43,772963 -79,409142
76 66 8
76 75 16
76 77 14
76 86 8
77 43,773531 -79,406563
77 67 8
77 76 14
77 78 15
77 87 8
78 43,774109 -79,403925
78 68 8
78 77 15
78 79 15
78 88 8
79 43,774716 -79,401337
79 69 8
79 78 15
79 89 8
80 43,775280 -79,398731
80 70 8
80 90 8
81 43,775842 -79,396121
81 71 8
81 82 14
81 91 8
82 43,776401 -79,393545
82 72 8
82 81 14
82 92 8
83 43,777083 -79,390458
83 73 8
83 93 8
84 43,771022 -79,413278
84 74 10
84 85 8
84 94 8
85 43,771389 -79,411623
85 75 8
85 84 8
85 86 15
85 95 8
86 43,772035 -79,408761
86 76 8
86 85 15
86 87 14
86 96 8
87 43,772593 -79,406182
87 77 8
87 86 15
87 88 15
87 97 8
88 43,773183 -79,403540
88 78 8
88 87 15
88 89 15
88 98 8
89 43,773757 -79,400929
89 79 8
89 88 15
89 90 15
89 99 8
90 43,774315 -79,398315
90 80 8
90 89 15
90 91 15
90 100 8
91 43,774885 -79,395724
91 81 8
91 90 15
91 92 15
91 101 8
92 43,775461 -79,393146
92 82 8
92 91 15
92 93 15
92 102 8
93 43,776142 -79,390271
93 83 8
93 92 15
93 103 8
94 43,770199 -79,413052
94 84 8
94 95 13
94 104 8
95 43,770581 -79,411200
95 85 8
95 94 13
95 96 15
95 105 8
96 43,771180 -79,408407
96 86 8
96 95 15
96 97 15
96 106 8
97 43,771756 -79,405834
97 87 8
97 96 15
97 98 15
97 107 8
98 43,772340 -79,403194
98 88 8
98 97 15
98 99 15
98 108 8
99 43,772923 -79,400568
99 89 8
99 98 15
99 100 15
99 109 8
100 43,773486 -79,397980
100 90 8
100 99 15
100 101 15
100 110 8
101 43,774072 -79,395400
101 91 8
101 100 15
101 102 15
101 111 8
102 43,774642 -79,392802
102 92 8
102 101 15
102 103 15
102 112 8
103 43,775277 -79,390063
103 93 8
103 102 15
103 113 8
104 43,769315 -79,412854
104 94 8
104 105 13
104 123 16
105 43,769741 -79,410796
105 95 8
105 104 13
105 106 15
105 114 8
106 43,770345 -79,408046
106 96 8
106 105 15
106 107 15
106 115 8
107 43,770922 -79,405475
107 97 8
107 106 15
107 108 15
107 116 8
108 43,771518 -79,402856
108 98 8
108 107 15
108 109 15
108 117 8
109 43,772081 -79,400222
109 99 8
109 108 15
109 110 15
109 118 8
110 43,772660 -79,397628
110 100 8
110 109 15
110 111 15
110 119 8
111 43,773264 -79,395072
111 101 8
111 110 15
111 112 15
111 120 8
112 43,773800 -79,392432
112 102 8
112 111 15
112 113 15
112 121 8
113 43,774313 -79,389878
113 103 8
113 112 15
113 122 8
114 43,768901 -79,410412
114 105 8
114 115 15
114 124 8
115 43,769497 -79,407699
115 106 8
115 114 15
115 125 8
116 43,770067 -79,405111
116 107 8
116 117 15
116 126 8
117 43,770662 -79,402477
117 108 8
117 116 15
117 118 15
117 127 8
118 43,771233 -79,399853
118 109 8
118 117 15
118 119 15
118 128 8
119 43,771802 -79,397257
119 110 8
119 118 15
119 120 15
119 129 8
120 43,772362 -79,394675
120 111 8
120 119 15
120 121 15
120 130 8
121 43,772953 -79,392049
121 112 8
121 120 15
121 122 13
121 131 8
122 43,773443 -79,389666
122 113 8
122 121 13
122 132 8
123 43,767487 -79,412380
123 104 16
123 124 15
123 133 8
124 43,768021 -79,410096
124 114 8
124 123 15
124 125 15
124 134 8
125 43,768610 -79,407306
125 115 8
125 124 15
125 126 15
125 135 8
126 43,769195 -79,404746
126 116 8
126 125 15
126 127 15
126 136 8
127 43,769772 -79,402144
127 117 8
127 126 15
127 128 15
127 137 8
128 43,770350 -79,399484
128 118 8
128 127 15
128 129 15
128 138 8
129 43,770929 -79,396888
129 119 8
129 128 15
129 130 15
129 139 8
130 43,771486 -79,394298
130 129 15
130 120 8
130 131 15
130 140 8
131 43,772080 -79,391685
131 121 8
131 130 15
131 132 15
131 141 8
132 43,772584 -79,389380
132 122 8
132 131 15
132 142 8
133 43,766629 -79,412251
133 123 8
133 134 15
133 143 8
134 43,767160 -79,409622
134 124 8
134 133 15
134 135 15
134 144 8
135 43,767750 -79,406951
135 125 8
135 134 15
135 136 15
135 145 8
136 43,768315 -79,404372
136 126 8
136 135 15
136 137 15
136 146 8
137 43,768896 -79,401777
137 127 8
137 136 15
137 138 15
137 147 8
138 43,769477 -79,399111
138 128 8
138 137 15
138 139 15
138 148 8
139 43,770039 -79,396525
139 129 8
139 138 15
139 140 15
139 149 8
140 43,770616 -79,393933
140 130 8
140 139 15
140 150 8
141 43,771183 -79,391297
141 131 8
141 142 15
141 151 8
142 43,771677 -79,389174
142 132 8
142 141 15
142 152 8
143 43,765673 -79,411997
143 133 8
143 144 15
143 157 8
144 43,766318 -79,409261
144 134 8
144 143 15
144 145 15
144 158 10
145 43,766880 -79,406586
145 135 8
145 144 15
145 146 15
145 161 13
146 43,767446 -79,403993
146 136 8
146 145 15
146 147 15
146 153 8
147 43,768015 -79,401409
147 137 8
147 146 15
147 148 15
147 154 8
148 43,768598 -79,398745
148 138 8
148 147 15
148 149 15
148 155 8
149 43,769164 -79,396138
149 139 8
149 148 15
149 150 15
149 156 8
150 43,769752 -79,393521
150 140 8
150 149 15
150 151 15
151 43,770316 -79,390986
151 141 8
151 150 15
151 152 10
152 43,770768 -79,388974
152 142 8
152 151 10
152 170 15
153 43,766620 -79,403653
153 146 8
153 154 15
153 164 8
154 43,767198 -79,401051
154 147 8
154 153 15
154 155 15
154 165 8
155 43,767785 -79,398390
155 148 8
155 154 15
155 156 15
155 166 8
156 43,768353 -79,395809
156 149 8
156 155 15
156 167 8
157 43,764323 -79,411666
157 143 10
157 158 16
157 171 8
158 43,764981 -79,408657
158 144 10
158 157 16
158 159 3
158 172 8
159 43,765065 -79,408259
159 158 3
159 160 7
159 162 2
160 43,765107 -79,407210
160 159 7
160 161 6
160 162 4
160 163 4
161 43,765142 -79,406319
161 160 6
161 145 15
161 163 7
161 164 17
161 183 20
162 43,764821 -79,408141
162 159 2
162 160 4
163 43,764668 -79,406981
163 160 4
163 161 7
164 43,765828 -79,403314
164 153 8
164 161 17
164 165 15
164 173 8
165 43,766405 -79,400688
165 154 8
165 164 15
165 166 15
165 174 8
166 43,766988 -79,398066
166 155 8
166 165 15
166 167 15
166 175 8
167 43,767564 -79,395464
167 156 8
167 166 15
167 168 22
167 176 8
168 43,768476 -79,391211
168 167 22
168 169 7
168 189 20
169 43,768774 -79,389936
169 168 7
169 170 7
170 43,769074 -79,388598
170 152 15
170 169 7
170 190 20
171 43,763283 -79,411377
171 157 8
171 172 15
171 181 13
172 43,763951 -79,408560
172 158 8
172 171 15
172 182 15
173 43,765015 -79,402977
173 164 8
173 174 15
173 177 8
174 43,765590 -79,400347
174 165 8
174 173 15
174 175 15
174 178 8
175 43,766174 -79,397723
175 166 8
175 174 15
175 176 15
175 179 8
176 43,766757 -79,395144
176 167 8
176 175 15
176 180 8
177 43,764214 -79,402634
177 173 8
177 178 15
177 184 8
178 43,764798 -79,400006
178 174 8
178 177 15
178 179 15
178 185 8
179 43,765384 -79,397398
179 175 8
179 178 15
179 180 15
179 186 8
180 43,765932 -79,394937
180 176 8
180 179 15
180 187 8
181 43,761523 -79,410905
181 171 13
181 182 15
182 43,762109 -79,408271
182 172 15
182 181 15
182 183 18
183 43,762898 -79,404721
183 161 20
183 182 18
183 184 13
184 43,763454 -79,402299
184 177 8
184 183 13
184 185 15
185 43,764019 -79,399675
185 178 8
185 184 15
185 186 15
186 43,764577 -79,397048
186 179 8
186 185 15
186 187 15
187 43,765109 -79,394695
187 180 8
187 186 15
187 188 15
188 43,765718 -79,392015
188 187 15
188 189 13
189 43,766167 -79,390056
189 168 20
189 188 13
189 190 13
190 43,766630 -79,388031
190 170 20
190 189 13